31631
31630
31629
31628
31627
31626
31625
31624
31623
31622
31621
31620
31619
31618
31617
31616
31615
31614
31613
31612
31611
31610
31609
31608
31607
31606
31605
31604
31603
31602
31601
31600
31599
31598
31597
31596
31595
31594
31593
31592
31591
31590
31589
31587
31586
31585
31584
31583
31582
31581
31580
31579
31578
31577
31576
31575
31574
31573
31572
31571
31570
31569
31568
31567
31566
31565
31564
31563
31562
31561
31560
31559
31558
31557
31556
31555
31554
31553
31552
31551
31550
31549
31548
31547
31545
31544
31543
31542
31541
31540
31539
31538
31537
31536
31535
31534
31533
31532
31531
31530
31529
31528
31527
31526
31525
31524
31523
31522
31521
31520
31519
31518
31517
31516
31515
31514
31513
31512
31511
31510
31509
31508
31507
31506
31505
31504
31503
31502
31500
31499
31498
31497
31496
31495
31494
31493
31492
31491
31490
31489
31488
31487
31486
31485
31484
31483
31482
31481
31480
31479
31478
31477
31476
31475
31474
31473
31472
31471
31470
31469
31468
31467
31466
31465
31464
31462
31461
31460
31459
31458
31457
31456
31455
31454
31453
31452
31451
31450
31449
31448
31447
31446
31445
31444
31443
31442
31441
31440
31439
31438
31437
31436
31435
31434
31433
31432
31431
31430
31429
31428
31427
31426
31425
31424
31423
31422
31421
31420
31418
31417
31416
31415
31414
31413
31412
31411
31410
31409
31408
31407
31406
31405
31404
31403
31402
31401
31400
31399
31398
31397
31396
31395
31394
31393
31392
31391
31390
31389
31388
31387
31386
31385
31384
31383
31382
31381
31380
31379
31378
31376
31375
31374
31373
31372
31371
31370
31369
31368
31367
31366
31365
31364
31363
31362
31361
31360
31359
31358
31357
31356
31355
31354
31353
31352
31351
31350
31349
31348
31347
31346
31345
31344
31343
31342
31341
31340
31339
31338
31337
31336
31334
31333
31332
31331
31330
31329
31328
31327
31326
31325
31324
31323
31322
31321
31320
31319
31318
31317
31316
31315
31314
31313
31312
31311
31310
31309
31308
31307
31306
31305
31304
31303
31302
31301
31300
31299
31298
31297
31296
31295
31294
31293
31291
31290
31289
31288
31287
31286
31285
31284
31283
31282
31281
31280
31279
31278
31277
31276
31275
31274
31273
31272
31271
31270
31269
31268
31267
31266
31265
31264
31263
31262
31261
31260
31259
31258
31257
31256
31255
31254
31253
31252
31251
31249
31248
31247
31246
31245
31244
31243
31242
31241
31240
31239
31238
31237
31236
31235
31234
31233
31232
31231
31230
31229
31228
31227
31226
31225
31224
31223
31222
31221
31220
31219
31218
31217
31216
31215
31214
31213
31212
31211
31210
31209
31208
31206
31205
31204
31203
31202
31201
31200
31199
31198
31197
31196
31195
31194
31193
31192
31191
31190
31189
31188
31187
31186
31185
31184
31183
31182
31181
31180
31179
31178
31177
31176
31175
31174
31173
31172
31171
31170
31169
31168
31167
31166
31164
31163
31162
31161
31160
31159
31158
31157
31156
31155
31154
31153
31152
31151
31150
31149
31148
31147
31146
31145
31144
31143
31142
31141
31140
31139
31138
31137
31136
31135
31134
31133
31132
31131
31130
31129
31128
31127
31126
31125
31124
31122
31121
31120
31118
31117
31116
31115
31114
31113
31112
31111
31110
31109
31108
31107
31106
31105
31104
31103
31102
31101
31100
31099
31098
31097
31096
31095
31094
31093
31092
31091
31090
31089
31088
31087
31086
31085
31084
31083
31082
31081
31080
31078
31077
31076
31075
31074
31073
31072
31071
31070
31069
31068
31067
31066
31065
31064
31063
31062
31061
31060
31059
31058
31057
31056
31055
31054
31053
31052
31051
31050
31049
31048
31047
31046
31045
31044
31043
31042
31041
31040
31039
31038
31037
31036
31035
31034
31033
31032
31031
31030
31029
31028
31027
31026
31025
31024
31023
31022
31021
31020
31019
31018
31017
31016
31015
31014
31013
31012
31011
31010
31009
31008
31007
31006
31005
31004
31003
31002
31001
31000
30999
30998
30996
30995
30994
30993
30992
30991
30990
30989
30988
30987
30986
30985
30984
30983
30982
30981
30980
30979
30978
30977
30976
30975
30974
30973
30972
30971
30970
30969
30968
30967
30966
30965
30964
30963
30962
30961
30960
30959
30958
30957
30956
30955
30954
30953
30952
30951
30948
30946
30945
30944
30943
30942
30941
30940
30939
30938
30937
30936
30935
30934
30933
30932
30931
30930
30929
30928
30927
30926
30925
30924
30923
30922
30921
30920
30919
30918
30917
30916
30915
30914
30913
30911
30910
30909
30908
30907
30906
30905
30904
30903
30902
30901
30900
30899
30898
30897
30896
30895
30894
30893
30892
30891
30890
30889
30888
30887
30886
30885
30884
30883
30882
30881
30880
30879
30878
30877
30876
30875
30874
30873
30872
30871
30869
30868
30867
30866
30865
30864
30863
30862
30861
30860
30859
30858
30857
30856
30855
30854
30853
30852
30851
30850
30849
30848
30847
30846
30845
30844
30843
30842
30841
30840
30839
30838
30837
30836
30835
30834
30833
30832
30831
30830
30829
30828
30826
30825
30824
30823
30822
30821
30820
30819
30818
30817
30816
30815
30814
30813
30812
30811
30810
30809
30808
30807
30806
30805
30804
30803
30802
30801
30800
30799
30798
30797
30796
30795
30794
30793
30792
30791
30790
30789
30788
30787
30785
30784
30783
30782
30781
30780
30779
30778
30777
30776
30775
30774
30773
30772
30771
30770
30769
30768
30767
30766
30765
30764
30763
30762
30761
30760
30759
30758
30757
30756
30755
30754
30753
30752
30751
30750
30749
30748
30747
30746
30745
30744
30742
30741
30740
30739
30738
30737
30736
30735
30734
30733
30732
30731
30730
30729
30728
30727
30726
30725
30724
30723
30722
30721
30720
30719
30718
30717
30716
30715
30714
30713
30712
30711
30710
30709
30708
30707
30706
30705
30704
30703
30702
30700
30699
30698
30697
30696
30695
30694
30693
30692
30691
30690
30689
30688
30687
30686
30685
30684
30683
30682
30681
30680
30679
30678
30677
30676
30675
30674
30673
30672
30671
30670
30669
30668
30667
30666
30665
30664
30663
30662
30661
30660
30658
30657
30656
30655
30654
30653
30652
30651
30650
30649
30648
30647
30646
30645
30644
30643
30642
30641
30640
30639
30638
30637
30636
30635
30634
30633
30632
30631
30630
30629
30628
30627
30626
30625
30624
30623
30622
30621
30620
30619
30618
30617
30616
30614
30613
30612
30611
30610
30609
30608
30607
30606
30605
30604
30603
30602
30601
30600
30599
30598
30597
30596
30595
30594
30593
30592
30591
30590
30589
30588
30587
30586
30585
30584
30583
30582
30581
30580
30579
30578
30577
30576
30575
30573
30572
30571
30570
30569
30568
30567
30566
30565
30564
30563
30562
30561
30560
30559
30558
30557
30556
30555
30554
30553
30552
30551
30550
30549
30548
30547
30546
30545
30544
30543
30542
30541
30540
30539
30538
30537
30536
30535
30534
30533
30532
30531
30530
30528
30527
30526
30525
30524
30523
30522
30521
30520
30519
30518
30517
30516
30515
30514
30513
30512
30511
30510
30509
30508
30507
30506
30505
30504
30503
30502
30501
30500
30499
30498
30497
30496
30495
30494
30493
30492
30491
30490
30488
30487
30486
30485
30484
30483
30482
30481
30480
30479
30478
30477
30476
30475
30474
30473
30472
30471
30470
30469
30468
30467
30466
30465
30464
30463
30462
30461
30460
30459
30458
30457
30456
30455
30454
30453
30452
30451
30450
30449
30448
30446
30445
30444
30443
30442
30441
30440
30439
30438
30437
30436
30435
30434
30433
30432
30431
30430
30429
30428
30427
30426
30425
30424
30423
30422
30421
30420
30419
30418
30417
30416
30415
30414
30413
30412
30411
30410
30409
30408
30407
30406
30404
30403
30402
30401
30400
30399
30398
30397
30396
30395
30394
30393
30392
30391
30390
30389
30388
30387
30386
30385
30384
30383
30382
30381
30380
30379
30378
30377
30376
30375
30374
30373
30372
30371
30370
30369
30368
30367
30366
30365
30364
30363
30361
30360
30359
30358
30357
30356
30355
30354
30353
30352
30351
30350
30349
30348
30347
30346
30345
30344
30343
30342
30341
30340
30339
30338
30337
30336
30335
30334
30333
30332
30331
30330
30329
30328
30327
30326
30325
30324
30323
30322
30321
30320
30319
30318
30317
30316
30315
30313
30312
30311
30310
30309
30308
30307
30306
30305
30304
30303
30302
30301
30300
30299
30298
30297
30296
30295
30294
30293
30292
30291
30290
30289
30288
30287
30286
30285
30284
30283
30282
30281
30280
30279
30278
30276
30275
30274
30273
30272
30271
30270
30269
30268
30267
30266
30265
30264
30263
30262
30261
30260
30259
30258
30257
30256
30255
30254
30253
30252
30251
30250
30249
30248
30247
30246
30245
30244
30243
30242
30241
30240
30239
30238
30237
30236
30235
30234
30233
30232
30231
30230
30229
30228
30227
30226
30225
30224
30223
30222
30221
30220
30219
30218
30217
30216
30215
30214
30213
30212
30211
30210
30209
30208
30207
30206
30205
30204
30203
30202
30201
30200
30199
30198
30197
30196
30195
30193
30192
30191
30190
30189
30188
30187
30186
30185
30184
30183
30182
30181
30180
30179
30178
30177
30176
30175
30174
30173
30172
30171
30170
30169
30168
30167
30166
30165
30164
30163
30162
30161
30160
30159
30158
30157
30156
30155
30153
30152
30151
30150
30149
30148
30147
30146
30145
30144
30143
30142
30141
30140
30139
30138
30137
30136
30135
30134
30133
30132
30131
30130
30129
30128
30127
30126
30125
30124
30123
30122
30121
30120
30119
30118
30117
30116
30115
30114
30113
30112
30111
30109
30108
30107
30106
30105
30104
30103
30102
30101
30100
30099
30098
30097
30096
30095
30094
30093
30092
30091
30090
30089
30088
30087
30086
30085
30084
30083
30082
30081
30080
30079
30078
30077
30076
30075
30074
30073
30072
30071
30070
30069
30067
30066
30065
30064
30063
30062
30061
30060
30059
30058
30057
30056
30055
30054
30053
30052
30051
30050
30049
30048
30047
30046
30045
30044
30043
30042
30041
30040
30039
30038
30037
30036
30035
30034
30033
30032
30031
30030
30029
30028
30027
30026
30025
30023
30022
30021
30020
30019
30018
30017
30016
30015
30014
30013
30012
30011
30010
30009
30008
30007
30006
30005
30004
30003
30002
30001
30000
29999
29998
29997
29996
29995
29994
29993
29992
29991
29990
29989
29988
29987
29986
29985
29984
29982
29981
29980
29979
29978
29977
29976
29975
29974
29973
29972
29971
29970
29969
29968
29967
29966
29965
29964
29963
29962
29961
29960
29959
29958
29957
29956
29955
29954
29953
29952
29951
29950
29949
29948
29947
29946
29945
29944
29943
29942
29940
29939
29938
29937
29936
29935
29934
29933
29932
29931
29930
29929
29928
29927
29926
29925
29924
29923
29922
29921
29920
29919
29918
29917
29916
29915
29914
29913
29912
29911
29910
29909
29908
29907
29906
29905
29904
29903
29902
29901
29900
29899
29898
29896
29895
29894
29893
29892
29891
29890
29889
29888
29887
29886
29885
29884
29883
29882
29881
29880
29879
29878
29877
29876
29875
29874
29873
29872
29871
29870
29869
29868
29867
29866
29865
29864
29863
29862
29861
29860
29859
29858
29857
29855
29854
29853
29852
29851
29850
29849
29848
29847
29846
29845
29844
29843
29842
29841
29840
29839
29838
29837
29836
29835
29834
29833
29832
29831
29830
29829
29828
29827
29826
29825
29824
29823
29822
29821
29820
29819
29818
29817
29816
29815
29814
29813
29811
29810
29809
29808
29807
29806
29805
29804
29803
29802
29801
29800
29799
29798
29797
29796
29795
29794
29793
29792
29791
29790
29789
29788
29787
29786
29785
29784
29783
29782
29781
29780
29779
29778
29777
29776
29775
29774
29773
29772
29770
29769
29768
29767
29766
29765
29764
29763
29762
29761
29760
29759
29758
29757
29756
29755
29754
29753
29752
29751
29750
29749
29748
29747
29746
29745
29744
29743
29742
29741
29740
29739
29738
29737
29736
29735
29734
29733
29732
29731
29730
29728
29727
29726
29725
29724
29723
29722
29721
29720
29719
29718
29717
29716
29715
29714
29713
29712
29711
29710
29709
29708
29707
29706
29705
29704
29703
29702
29701
29700
29699
29698
29697
29696
29695
29694
29693
29692
29691
29690
29689
29688
29687
29685
29684
29683
29682
29681
29680
29679
29678
29677
29676
29675
29674
29673
29672
29671
29670
29669
29668
29667
29666
29665
29664
29663
29662
29661
29660
29659
29658
29657
29656
29655
29654
29653
29652
29651
29650
29649
29648
29647
29646
29645
29644
29642
29641
29640
29639
29638
29637
29636
29635
29634
29633
29632
29631
29630
29629
29628
29627
29626
29625
29624
29623
29622
29621
29620
29619
29618
29617
29616
29615
29614
29613
29612
29611
29610
29609
29608
29607
29606
29605
29604
29603
29602
29601
29599
29598
29597
29596
29595
29594
29593
29592
29591
29590
29589
29588
29587
29586
29585
29584
29583
29582
29581
29580
29579
29578
29577
29576
29575
29574
29573
29572
29571
29570
29569
29568
29567
29566
29565
29564
29563
29562
29561
29560
29558
29557
29556
29555
29554
29553
29552
29551
29550
29549
29548
29547
29546
29545
29544
29543
29542
29541
29540
29539
29538
29537
29536
29535
29534
29533
29532
29531
29530
29529
29528
29527
29526
29525
29524
29523
29522
29521
29520
29519
29518
29516
29515
29514
29513
29512
29511
29510
29509
29508
29507
29506
29505
29504
29503
29502
29501
29500
29499
29498
29497
29496
29495
29494
29493
29492
29491
29490
29489
29488
29487
29486
29485
29484
29483
29482
29481
29480
29479
29478
29477
29476
29474
29473
29472
29471
29470
29469
29468
29467
29466
29465
29464
29463
29462
29461
29460
29459
29458
29457
29456
29455
29454
29453
29452
29451
29450
29449
29448
29447
29446
29445
29444
29443
29442
29441
29440
29439
29438
29437
29436
29435
29434
29433
29432
29431
29430
29429
29427
29426
29425
29424
29423
29422
29421
29420
29419
29418
29417
29416
29415
29414
29413
29412
29411
29410
29409
29408
29407
29406
29405
29404
29403
29402
29401
29400
29399
29398
29397
29396
29395
29394
29393
29392
29391
29390
29388
29387
29386
29385
29384
29383
29382
29381
29380
29379
29378
29377
29376
29375
29374
29373
29372
29371
29370
29369
29368
29367
29366
29365
29364
29363
29362
29361
29360
29359
29358
29357
29356
29355
29354
29353
29352
29351
29350
29349
29348
29347
29345
29344
29343
29342
29341
29340
29339
29338
29337
29336
29335
29334
29333
29332
29331
29330
29329
29328
29327
29326
29325
29324
29323
29322
29321
29320
29319
29318
29317
29316
29315
29314
29313
29312
29311
29310
29309
29308
29307
29306
29305
29304
29303
29301
29300
29299
29298
29296
29295
29294
29293
29292
29291
29290
29289
29288
29287
29286
29285
29284
29283
29282
29281
29280
29279
29278
29277
29276
29275
29274
29273
29272
29271
29270
29269
29268
29267
29266
29265
29264
29263
29261
29260
29259
29258
29257
29256
29255
29254
29253
29252
29251
29250
29249
29248
29247
29246
29245
29244
29243
29242
29241
29240
29239
29238
29237
29236
29235
29234
29233
29232
29231
29230
29229
29228
29227
29226
29225
29224
29223
29222
29221
29219
29218
29217
29216
29215
29214
29213
29212
29211
29210
29209
29208
29207
29206
29205
29204
29203
29202
29201
29200
29199
29198
29197
29196
29195
29194
29193
29192
29191
29190
29189
29188
29187
29186
29185
29184
29183
29182
29181
29180
29179
29178
29177
29175
29174
29173
29172
29171
29170
29169
29168
29167
29166
29165
29164
29163
29162
29161
29160
29159
29158
29157
29156
29155
29154
29153
29152
29151
29150
29149
29148
29147
29146
29145
29144
29143
29142
29141
29140
29139
29138
29137
29136
29135
29134
29132
29131
29130
29129
29128
29127
29126
29125
29124
29123
29122
29121
29120
29119
29118
29117
29116
29115
29114
29113
29112
29111
29110
29109
29108
29107
29106
29105
29104
29103
29102
29101
29100
29099
29098
29097
29096
29095
29094
29093
29091
29090
29089
29088
29087
29086
29085
29084
29083
29082
29081
29080
29079
29078
29077
29076
29075
29074
29073
29072
29071
29070
29069
29068
29067
29066
29065
29064
29063
29062
29061
29060
29059
29058
29057
29056
29055
29054
29053
29052
29051
29049
29048
29047
29046
29045
29044
29043
29042
29041
29040
29039
29038
29037
29036
29035
29034
29033
29032
29031
29030
29029
29028
29027
29026
29025
29024
29023
29022
29021
29020
29019
29018
29017
29016
29015
29014
29013
29012
29011
29010
29009
29008
29006
29005
29004
29003
29002
29001
29000
28999
28998
28997
28996
28995
28994
28993
28992
28991
28990
28989
28988
28987
28986
28985
28984
28983
28982
28981
28980
28979
28978
28977
28976
28975
28974
28973
28972
28971
28970
28969
28968
28967
28966
28964
28963
28962
28961
28960
28959
28958
28957
28956
28955
28954
28953
28952
28951
28950
28949
28948
28947
28946
28945
28944
28943
28942
28941
28940
28939
28938
28937
28936
28935
28934
28933
28932
28931
28930
28929
28928
28927
28926
28925
28924
28923
28921
28920
28919
28918
28917
28916
28915
28914
28913
28912
28911
28910
28909
28908
28907
28906
28905
28904
28903
28902
28901
28900
28899
28898
28897
28896
28895
28894
28893
28892
28891
28890
28889
28888
28887
28886
28885
28884
28883
28882
28881
28879
28878
28877
28876
28875
28874
28873
28872
28871
28870
28869
28868
28867
28866
28865
28864
28863
28862
28861
28860
28859
28858
28857
28856
28855
28854
28853
28852
28851
28850
28849
28848
28847
28846
28845
28844
28843
28842
28841
28840
28839
28837
28836
28835
28834
28833
28832
28831
28830
28829
28828
28827
28826
28825
28824
28823
28822
28821
28820
28819
28818
28817
28816
28815
28814
28813
28812
28811
28810
28809
28808
28807
28806
28805
28804
28803
28802
28801
28800
28799
28798
28797
28796
28795
28793
28792
28791
28790
28789
28788
28787
28786
28785
28784
28783
28782
28781
28780
28779
28778
28777
28776
28775
28774
28773
28772
28771
28770
28769
28768
28767
28766
28765
28764
28763
28762
28761
28760
28759
28758
28757
28756
28755
28754
28753
28751
28750
28749
28748
28747
28746
28745
28744
28743
28742
28741
28740
28739
28738
28737
28736
28735
28734
28733
28732
28731
28730
28729
28728
28727
28726
28725
28724
28723
28722
28721
28720
28719
28718
28717
28716
28715
28714
28713
28712
28711
28710
28708
28707
28706
28705
28704
28703
28702
28701
28700
28699
28698
28697
28696
28695
28694
28693
28692
28691
28690
28689
28688
28687
28686
28685
28684
28683
28682
28681
28680
28679
28678
28677
28676
28675
28674
28673
28672
28671
28670
28669
28668
28666
28665
28664
28663
28662
28661
28660
28659
28658
28657
28656
28655
28654
28653
28652
28651
28650
28649
28648
28647
28646
28645
28644
28643
28642
28641
28640
28639
28638
28637
28636
28635
28634
28633
28632
28631
28630
28629
28628
28627
28626
28625
28623
28622
28621
28620
28619
28618
28617
28616
28615
28614
28613
28612
28611
28610
28609
28608
28607
28606
28605
28604
28603
28602
28601
28600
28599
28598
28597
28596
28595
28594
28593
28592
28591
28590
28589
28588
28587
28586
28585
28584
28583
28582
28581
28580
28578
28577
28576
28575
28574
28573
28572
28571
28570
28569
28568
28567
28566
28565
28564
28563
28562
28561
28560
28559
28558
28557
28556
28555
28554
28553
28552
28551
28550
28549
28548
28547
28546
28545
28544
28543
28542
28541
28540
28538
28537
28536
28535
28534
28533
28532
28531
28530
28529
28528
28527
28526
28525
28524
28523
28522
28521
28520
28519
28518
28517
28516
28515
28514
28513
28512
28511
28510
28509
28508
28507
28506
28505
28504
28503
28502
28501
28500
28499
28498
28496
28495
28494
28493
28492
28491
28490
28489
28488
28487
28486
28485
28484
28483
28482
28481
28480
28479
28478
28477
28476
28475
28474
28473
28472
28471
28470
28469
28468
28467
28466
28465
28464
28463
28462
28461
28460
28459
28458
28457
28456
28454
28453
28452
28451
28450
28449
28448
28447
28446
28445
28444
28443
28442
28441
28440
28439
28438
28437
28436
28435
28434
28433
28432
28431
28430
28429
28428
28427
28426
28425
28424
28423
28422
28421
28420
28419
28418
28417
28416
28415
28414
28413
28411
28410
28409
28408
28407
28406
28405
28404
28403
28402
28401
28400
28399
28398
28397
28396
28395
28394
28393
28392
28391
28390
28389
28388
28387
28386
28385
28384
28383
28382
28381
28380
28379
28378
28377
28376
28375
28374
28373
28372
28371
28370
28369
28368
28367
28366
28365
28363
28362
28361
28360
28359
28358
28357
28356
28355
28354
28353
28352
28351
28350
28349
28348
28347
28346
28345
28344
28343
28342
28341
28340
28339
28338
28337
28336
28335
28334
28333
28332
28331
28330
28329
28327
28326
28325
28324
28323
28322
28321
28320
28319
28318
28317
28316
28315
28314
28313
28312
28311
28310
28309
28308
28307
28306
28305
28304
28303
28302
28301
28300
28299
28298
28297
28296
28295
28294
28293
28292
28291
28290
28289
28288
28287
28286
28285
28284
28283
28282
28281
28280
28279
28278
28277
28276
28275
28274
28273
28272
28271
28270
28269
28268
28267
28266
28265
28264
28263
28262
28261
28260
28259
28258
28257
28256
28255
28254
28253
28252
28251
28250
28249
28248
28247
28245
28244
28243
28242
28241
28240
28239
28238
28237
28236
28235
28234
28233
28232
28231
28230
28229
28228
28227
28226
28225
28224
28223
28222
28221
28220
28219
28218
28217
28216
28215
28214
28213
28212
28211
28210
28209
28208
28207
28206
28205
31736
31735
31734
31733
31732
31731
31730
31729
31728
31727
31726
31725
31724
31723
31722
31721
31720
31719
31718
31717
31716
31715
31714
31713
31712
31711
31710
31709
31708
31707
31706
31705
31704
31703
31702
31701
31700
31699
31698
31697
31696
31695
31693
31692
31691
31690
31689
31688
31687
31686
31685
31684
31683
31682
31681
31680
31679
31678
31677
31676
31675
31674
31673
31672
31671
31670
31669
31668
31667
31666
31665
31664
31663
31662
31661
31660
31659
31658
31657
31656
31655
31654
31653
31652
31651
31649
31648
31647
31646
31645
31644
31643
31642
31641
31640
31639
31638
31637
31636
31635
31634
31633
31632
31588
31546
31501
31463
31419
31377
31335
31292
31250
31207
31119
31079
30997
30912
30870
30827
30786
30743
30701
30659
30615
30574
30529
30489
30447
30405
30362
30314
30277
30194
30110
30068
30024
29983
29941
29897
29856
29812
29771
29729
29686
29643
29600
29559
29517
29475
29428
29389
29346
29302
29220
29176
29133
29092
29050
29007
28965
28922
28880
28838
28794
28752
28709
28667
28624
28579
28539
28497
28455
28412
28328
28246
28204
28203
28202
28201
28200
28199
28198
28197
28196
28195
28194
28193
28192
28191
28190
28189
28188
28187
28186
28185
28184
28183
28182
28181
28180
28179
28178
28177
28176
28175
28174
28173
28172
28171
28170
28169
28168
28167
28166
28164
28163
28162
28161
28160
28159
28158
28157
28156
28155
28154
28153
28152
28151
28150
28149
28148
28147
28146
28145
28144
28143
28142
28141
28140
28139
28138
28137
28136
28135
28134
28133
28132
28131
28130
28129
28128
28127
28126
28125
28124
28122
28121
28120
28119
28118
28117
28116
28115
28114
28113
28112
28111
28110
28109
28108
28107
28106
28105
28104
28103
28102
28101
28100
28099
28098
28097
28096
28095
28094
28093
28092
28091
28090
28089
28088
28087
28086
28085
28084
28083
28082
28081
28079
28078
28077
28076
28075
28074
28073
28072
28071
28070
28069
28068
28067
28066
28065
28064
28063
28062
28061
28060
28059
28058
28057
28056
28055
28054
28053
28052
28051
28050
28049
28048
28047
28046
28045
28044
28043
28042
28041
28040
28039
28037
28036
28035
28034
28033
28032
28031
28030
28029
28028
28027
28026
28025
28024
28023
28022
28021
28020
28019
28018
28017
28016
28015
28014
28013
28012
28011
28010
28009
28008
28007
28006
28005
28004
28003
28002
28001
28000
27999
27998
27997
27995
27994
27993
27992
27991
27990
27989
27988
27987
27986
27985
27984
27983
27982
27981
27980
27979
27978
27977
27976
27975
27974
27973
27972
27971
27970
27969
27968
27967
27966
27965
27964
27963
27962
27961
27960
27959
27958
27957
27956
27955
27953
27952
27951
27950
27949
27948
27947
27946
27945
27944
27943
27942
27941
27940
27939
27938
27937
27936
27935
27934
27933
27932
27931
27930
27929
27928
27927
27926
27925
27924
27923
27922
27921
27920
27919
27918
27917
27916
27915
27914
27913
27911
27910
27909
27908
27907
27906
27905
27904
27903
27902
27901
27900
27899
27898
27897
27896
27895
27894
27893
27892
27891
27890
27889
27888
27887
27886
27885
27884
27883
27882
27881
27880
27879
27878
27877
27876
27875
27874
27873
27872
27871
27869
27868
27867
27866
27865
27864
27863
27862
27861
27860
27859
27858
27857
27856
27855
27854
27853
27852
27851
27850
27849
27848
27847
27846
27845
27844
27843
27842
27841
27840
27839
27838
27837
27836
27835
27834
27833
27832
27831
27830
27829
27827
27826
27825
27824
27823
27822
27821
27820
27819
27818
27817
27816
27815
27814
27813
27812
27811
27810
27809
27808
27807
27806
27805
27804
27803
27802
27801
27800
27799
27798
27797
27796
27795
27794
27793
27792
27791
27790
27789
27788
27787
27786
27784
27783
27782
27781
27780
27779
27778
27777
27776
27775
27774
27773
27772
27771
27770
27769
27768
27767
27766
27765
27764
27763
27762
27761
27760
27759
27758
27757
27756
27755
27754
27753
27752
27751
27750
27749
27748
27747
27746
27745
27744
27743
27741
27740
27739
27738
27737
27736
27735
27734
27733
27732
27731
27730
27729
27728
27727
27726
27725
27724
27723
27722
27721
27720
27719
27718
27717
27716
27715
27714
27713
27712
27711
27710
27709
27708
27707
27706
27705
27704
27703
27702
27701
27699
27698
27697
27696
27695
27694
27693
27692
27691
27690
27689
27688
27687
27686
27685
27684
27683
27682
27681
27680
27679
27678
27677
27676
27675
27674
27673
27672
27671
27670
27669
27668
27667
27666
27665
27664
27663
27662
27661
27660
27659
27658
27657
27656
27655
27654
27653
27652
27650
27649
27648
27647
27646
27645
27644
27643
27642
27641
27640
27639
27638
27637
27636
27635
27634
27633
27632
27631
27630
27629
27628
27627
27626
27625
27624
27623
27622
27621
27620
27619
27618
27617
27616
27614
27613
27612
27611
27610
27609
27608
27607
27606
27605
27604
27603
27602
27601
27600
27599
27598
27597
27596
27595
27594
27593
27592
27591
27590
27589
27588
27587
27586
27585
27584
27583
27582
27581
27580
27579
27578
27577
27576
27575
27574
27573
27571
27570
27569
27568
27567
27566
27565
27564
27563
27562
27561
27560
27559
27558
27557
27556
27555
27554
27553
27552
27551
27550
27549
27548
27547
27546
27545
27544
27543
27542
27541
27540
27539
27538
27537
27536
27535
27534
27533
27532
27531
27530
27529
27528
27527
27526
27524
27523
27522
27521
27520
27519
27518
27517
27516
27515
27514
27513
27512
27511
27510
27509
27508
27507
27506
27505
27504
27503
27502
27501
27500
27499
27498
27497
27496
27495
27494
27493
27492
27491
27490
27488
27487
27486
27485
27484
27483
27482
27481
27480
27479
27478
27477
27476
27475
27474
27473
27472
27471
27470
27469
27468
27467
27466
27465
27464
27463
27462
27461
27460
27459
27458
27457
27456
27455
27454
27453
27452
27451
27450
27449
27448
27447
27446
27445
27443
27442
27441
27440
27439
27438
27437
27436
27435
27434
27433
27432
27431
27430
27429
27428
27427
27426
27425
27424
27423
27422
27421
27420
27419
27418
27417
27416
27415
27414
27413
27412
27411
27410
27409
27408
27407
27406
27405
27404
27403
27401
27400
27399
27398
27397
27396
27395
27394
27393
27392
27391
27390
27389
27388
27387
27386
27385
27384
27383
27382
27381
27380
27379
27378
27377
27376
27375
27374
27373
27372
27371
27370
27369
27368
27367
27366
27365
27364
27363
27362
27360
27359
27358
27357
27356
27355
27354
27353
27352
27351
27350
27349
27348
27347
27346
27345
27344
27343
27342
27341
27340
27339
27338
27337
27336
27335
27334
27333
27332
27331
27330
27329
27328
27327
27326
27325
27324
27323
27322
27321
27320
27319
27317
27316
27315
27314
27313
27312
27311
27310
27309
27308
27307
27306
27305
27304
27303
27302
27301
27300
27299
27298
27297
27296
27295
27294
27293
27292
27291
27290
27289
27288
27287
27286
27285
27284
27283
27282
27281
27280
27279
27278
27277
27275
27274
27273
27272
27271
27270
27269
27268
27267
27266
27265
27264
27263
27262
27261
27260
27259
27258
27257
27256
27255
27254
27253
27252
27251
27250
27249
27248
27247
27246
27245
27244
27243
27242
27241
27240
27239
27238
27237
27236
27235
27234
27233
27231
27230
27229
27228
27227
27226
27225
27224
27223
27222
27221
27220
27219
27218
27217
27216
27215
27214
27213
27212
27211
27210
27209
27208
27207
27206
27205
27204
27203
27202
27201
27200
27199
27198
27197
27196
27195
27194
27193
27192
27191
27189
27188
27187
27186
27185
27184
27183
27182
27181
27180
27179
27178
27177
27176
27175
27174
27173
27172
27171
27170
27169
27168
27167
27166
27165
27164
27163
27162
27161
27160
27159
27158
27157
27156
27155
27154
27153
27152
27151
27150
27148
27147
27146
27145
27144
27143
27142
27141
27140
27139
27138
27137
27136
27135
27134
27133
27132
27131
27130
27129
27128
27127
27126
27125
27124
27123
27122
27121
27120
27119
27118
27117
27116
27115
27114
27113
27112
27111
27110
27109
27108
27106
27105
27104
27103
27102
27101
27100
27099
27098
27097
27096
27095
27094
27093
27092
27091
27090
27089
27088
27087
27086
27085
27084
27083
27082
27081
27080
27079
27078
27077
27076
27075
27074
27073
27072
27071
27070
27069
27068
27067
27066
27064
27063
27062
27061
27060
27059
27058
27057
27056
27055
27054
27053
27052
27051
27050
27049
27048
27047
27046
27045
27044
27043
27042
27041
27040
27039
27038
27037
27036
27035
27034
27033
27032
27031
27030
27029
27028
27027
27026
27025
27024
27022
27021
27020
27019
27018
27017
27016
27015
27014
27013
27012
27011
27010
27009
27008
27007
27006
27005
27004
27003
27002
27001
27000
26999
26998
26997
26996
26995
26994
26993
26992
26991
26990
26989
26988
26987
26986
26985
26984
26983
26982
26981
26980
26978
26977
26976
26975
26974
26973
26972
26971
26970
26969
26968
26967
26966
26965
26964
26963
26962
26961
26960
26959
26958
26957
26956
26955
26954
26953
26952
26951
26950
26949
26948
26947
26946
26945
26944
26943
26942
26941
26940
26939
26937
26936
26935
26934
26933
26932
26931
26930
26929
26928
26927
26926
26925
26924
26923
26922
26921
26920
26919
26918
26917
26916
26915
26914
26913
26912
26911
26910
26909
26908
26907
26906
26905
26904
26903
26902
26901
26900
26899
26898
26897
26896
26894
26893
26892
26891
26890
26889
26888
26887
26886
26885
26884
26883
26882
26881
26880
26879
26878
26877
26876
26875
26874
26873
26872
26871
26870
26869
26868
26867
26866
26865
26864
26863
26862
26861
26860
26859
26858
26857
26856
26855
26854
26853
26852
26851
26850
26849
26848
26846
26845
26844
26843
26842
26841
26840
26839
26838
26837
26836
26835
26834
26833
26832
26831
26830
26829
26828
26827
26826
26825
26824
26823
26822
26821
26820
26819
26818
26817
26816
26815
26814
26813
26812
26810
26809
26808
26807
26806
26805
26804
26803
26802
26801
26800
26799
26798
26797
26796
26795
26794
26793
26792
26791
26790
26789
26788
26787
26786
26785
26784
26783
26782
26781
26780
26779
26778
26777
26776
26775
26774
26773
26772
26771
26770
26768
26767
26766
26765
26764
26763
26762
26761
26760
26759
26758
26757
26756
26755
26754
26753
26752
26751
26750
26749
26748
26747
26746
26745
26744
26743
26742
26741
26740
26739
26738
26737
26736
26735
26734
26733
26732
26731
26730
26729
26728
26727
26726
26725
26724
26723
26722
26720
26719
26718
26717
26716
26715
26714
26713
26712
26711
26710
26709
26708
26707
26706
26705
26704
26703
26702
26701
26700
26699
26698
26697
26696
26695
26694
26693
26692
26691
26690
26689
26688
26687
26686
26685
26684
26682
26681
26680
26679
26678
26677
26676
26675
26674
26673
26672
26671
26670
26669
26668
26667
26666
26665
26664
26663
26662
26661
26660
26659
26658
26657
26656
26655
26654
26653
26652
26651
26650
26649
26648
26647
26646
26645
26644
26643
26642
26640
26639
26638
26637
26636
26635
26634
26633
26632
26631
26630
26629
26628
26627
26626
26625
26624
26623
26622
26621
26620
26619
26618
26617
26616
26615
26614
26613
26612
26611
26610
26609
26608
26607
26606
26605
26604
26603
26602
26601
26599
26598
26597
26596
26595
26594
26593
26592
26591
26590
26589
26588
26587
26586
26585
26584
26583
26582
26581
26580
26579
26578
26577
26576
26575
26574
26573
26572
26571
26570
26569
26568
26567
26566
26565
26564
26563
26562
26561
26560
26559
26558
26556
26555
26554
26553
26552
26551
26550
26549
26548
26547
26546
26545
26544
26543
26542
26541
26540
26539
26538
26537
26536
26535
26534
26533
26532
26531
26530
26529
26528
26527
26526
26525
26524
26523
26522
26521
26520
26519
26518
26517
26516
26514
26513
26512
26511
26510
26509
26508
26507
26506
26505
26504
26503
26502
26501
26500
26499
26498
26497
26496
26495
26494
26493
26492
26491
26490
26489
26488
26487
26486
26485
26484
26483
26482
26481
26480
26479
26478
26477
26476
26475
26474
26473
26471
26470
26469
26468
26467
26466
26465
26464
26463
26462
26461
26460
26459
26458
26457
26456
26455
26454
26453
26452
26451
26450
26449
26448
26447
26446
26445
26444
26443
26442
26441
26440
26439
26438
26437
26436
26435
26434
26433
26432
26431
26429
26428
26427
26426
26425
26424
26423
26422
26421
26420
26419
26418
26417
26416
26415
26414
26413
26412
26411
26410
26409
26408
26407
26406
26405
26404
26403
26402
26401
26400
26399
26398
26397
26396
26395
26394
26393
26392
26391
26390
26389
26387
26386
26385
26384
26383
26382
26381
26380
26379
26378
26377
26376
26375
26374
26373
26372
26371
